"sp","control_mean","control_sd","control_se","control_n","DD_mean","DD_sd","DD_se","DD_n","ID_mean","ID_sd","ID_se","ID_n","ID","ID_var","sei","zi","ci.lb","ci.ub"
"ARCA",23.0013703,13.43783567,6.009582806,5,14.87575056,2.441950876,1.220975438,4,23.70812839,6.409252528,3.700383672,3,-0.0302641669671937,0.0926235653187209,0.304341198852079,-0.0994415711094807,-0.626761955729012,0.566233621794625
"ARDO",30.27870643,11.30242264,5.054597067,5,33.21634903,17.52183882,10.11623836,3,49.66926291,20.46559705,10.23279852,4,-0.49494158188755,0.0703112456962309,0.265162677796539,-1.86655824266235,-1.01465088041296,0.0247677166378643
"ENCA",16.56216068,15.75923037,6.433678856,6,15.20684035,12.22423259,7.057663979,4,41.84161171,30.20666291,15.10333145,3,-0.926770723516968,0.324625492543947,0.569759153102385,-1.62660085137839,-2.04347814345969,0.18993669642575
"ERFA",17.45835871,9.224618143,4.125374647,5,20.02122754,7.338590316,3.669295158,4,20.57479198,10.09555115,5.047775575,4,-0.164248093054734,0.116027397477019,0.340627945825088,-0.482192066352288,-0.831866598999767,0.503370412890298
"ERPA",9.512228896,11.78184443,5.269001007,5,12.36567677,15.39263793,7.696318966,4,7.320857882,11.1542058,5.577102898,4,0.261850704917485,0.887180381973696,0.94190253316025,0.278001911767801,-1.58424433702365,2.10794574685862
"ISME",27.13207901,6.722842021,3.006546352,5,10.87422756,4.854490449,2.427245225,4,15.78854598,7.704766073,3.852383037,4,0.541432015975512,0.071814502731343,0.267982280629416,2.02040229937531,0.0161963974469516,1.06666763450407
"LUAL",12.720141,9.502556847,4.249672614,5,25.94265467,4.361008749,2.180504374,4,25.16845611,29.06335033,14.53167517,4,-0.68240482601153,0.444979791025379,0.66706805576746,-1.02299131267263,-1.98983419055291,0.625024538529847
"SAAP",7.800480208,4.118494735,1.681368435,6,22.56791672,7.301476903,3.650738451,4,19.59087274,15.13752497,7.568762486,4,-0.920878484316174,0.195719986984644,0.442402516928469,-2.08153988523774,-1.78797148416584,-0.0537854844665036
"SAME",12.575254,7.689724499,3.438949342,5,15.83991726,5.613203714,2.806601857,4,20.64922499,23.71714203,11.85857101,4,-0.495946873363174,0.404590584078301,0.636074354205781,-0.77969952739633,-1.74262969909608,0.75073595236973
